$coord
   25.86066001717615     22.48466100740875     29.79805833492405       c
   23.68047051500297     23.86231296403020     30.24456953217837       c
   21.42176332698861     22.37920015450322     29.70192596385465       c
   22.28355856420564     19.93048038104811     28.91886729945582       c
   25.03063015014827     19.96657804286428     29.00781564989532       c
   17.99820350114402     26.58883702869646     25.83522264057969       c
   17.15655794116234     24.02861294480570     24.82063507154242       c
   18.11944747892325     22.15847700620157     26.67578536859470       c
   19.29151735876864     23.40948654773178     28.75530114767029       c
   19.26462714183032     26.12339895818751     28.05806295902949       c
   18.84218512166370     19.03662769757210     23.15467094490205       c
   21.04051049553026     17.59230631665741     22.74656204385645       c
   22.40038464576442     17.31218935971769     25.13494095352888       c
   21.11769932596061     18.72670029211914     27.00108019696847       c
   18.89549285944754     19.68855628197071     25.96168747810700       c
   26.34188057005192     17.64567097299213     22.81506569301803       c
   28.65878429292357     18.97049983099166     23.32527904770743       c
   28.54747243219645     19.70720273876571     26.08741265793186       c
   26.33543038676799     18.52486552335095     27.19066632791467       c
   25.03725862909205     17.24763015479331     25.23266912272148       c
   30.01472017832497     23.92924689328910     24.72225710112460       c
   29.24957471919026     26.48117460706122     25.59474253792590       c
   27.79064344986635     26.18750083049247     27.95746820758665       c
   27.99506793711025     23.50661930201704     28.66338832716730       c
   29.30018213282831     22.12012662076949     26.73248711119015       c
   24.82684076206034     29.59858861509262     26.71894410545911       c
   22.11526966558124     29.41532564004025     26.77714899290586       c
   21.38051676619519     27.54404560454848     28.65836460364855       c
   23.57703558078387     26.50483788987461     29.77813748462513       c
   25.76732185184640     27.66486027434672     28.61604137139563       c
   22.18078116019160     30.07007928940613     22.06554424381733       c
   20.95211056250938     28.68710988913438     20.10178747464973       c
   18.70237560516212     27.41589539587967     21.38112654302109       c
   18.67687511171311     28.20322109966242     24.02869803917309       c
   20.94182948863109     29.52349645469479     24.44227083764365       c
   18.04055334074077     25.05495243715310     20.63231064196628       c
   19.25586559672884     23.71806907289637     18.60211801865444       c
   19.34412529317401     21.06051237728541     19.14060405722316       c
   18.05230851437983     20.78416984592344     21.44464426318640       c
   17.16272183093838     23.22740818529515     22.34102570257335       c
   21.46876707070152     19.67833503682153     18.66674697337009       c
   23.67768534215419     20.77927579541136     17.75645748985660       c
   25.79813011354795     19.67668411538727     18.79106014983464       c
   25.05039277367878     17.76037224649637     20.57497922372884       c
   22.35216250113265     17.68234176984463     20.43678355223496       c
   28.00506757407679     21.02005033629263     19.22866081597981       c
   27.82918006780801     23.68576450715207     18.64821044194376       c
   29.17045729096889     25.18552775025491     20.47955619915484       c
   30.18077736708797     23.28946053623439     22.25422617860742       c
   29.52621648868406     20.75056480845470     21.55570904222273       c
   28.22623310726422     27.45472163324718     21.32127793399660       c
   26.16676237128846     28.82948489782274     20.07731589928104       c
   24.79989920126321     30.03613593426930     22.11064758445302       c
   26.12055132989031     29.67465430569806     24.39392945129342       c
   28.37231817745855     28.25349524120114     23.93450845773789       c
   24.93456476986998     27.25760401772855     18.23527090959482       c
   25.80499025401735     24.88775230423540     17.38577588082572       c
   23.52250787360850     23.25243163628127     16.80429201557211       c
   21.35914182833515     24.86038294723818     17.51019541107656       c
   22.06851338150434     27.23731040005428     18.24180764233526       c
$end
