$grad          cartesian gradients
  cycle =      1    SCF energy =    -2283.1910804820   |dE/dxyz| =  0.384843
   25.86066001717615     22.48466100740875     29.79805833492405      c
   23.68047051500297     23.86231296403020     30.24456953217837      c
   21.42176332698861     22.37920015450322     29.70192596385465      c
   22.28355856420564     19.93048038104811     28.91886729945582      c
   25.03063015014827     19.96657804286428     29.00781564989532      c
   17.99820350114402     26.58883702869646     25.83522264057969      c
   17.15655794116234     24.02861294480570     24.82063507154242      c
   18.11944747892325     22.15847700620157     26.67578536859470      c
   19.29151735876864     23.40948654773178     28.75530114767029      c
   19.26462714183032     26.12339895818751     28.05806295902949      c
   18.84218512166370     19.03662769757210     23.15467094490205      c
   21.04051049553026     17.59230631665741     22.74656204385645      c
   22.40038464576442     17.31218935971769     25.13494095352888      c
   21.11769932596061     18.72670029211914     27.00108019696847      c
   18.89549285944754     19.68855628197071     25.96168747810700      c
   26.34188057005192     17.64567097299213     22.81506569301803      c
   28.65878429292357     18.97049983099166     23.32527904770743      c
   28.54747243219645     19.70720273876571     26.08741265793186      c
   26.33543038676799     18.52486552335095     27.19066632791467      c
   25.03725862909205     17.24763015479331     25.23266912272148      c
   30.01472017832497     23.92924689328910     24.72225710112460      c
   29.24957471919026     26.48117460706122     25.59474253792590      c
   27.79064344986635     26.18750083049247     27.95746820758665      c
   27.99506793711025     23.50661930201704     28.66338832716730      c
   29.30018213282831     22.12012662076949     26.73248711119015      c
   24.82684076206034     29.59858861509262     26.71894410545911      c
   22.11526966558124     29.41532564004025     26.77714899290586      c
   21.38051676619519     27.54404560454848     28.65836460364855      c
   23.57703558078387     26.50483788987461     29.77813748462513      c
   25.76732185184640     27.66486027434672     28.61604137139563      c
   22.18078116019160     30.07007928940613     22.06554424381733      c
   20.95211056250938     28.68710988913438     20.10178747464973      c
   18.70237560516212     27.41589539587967     21.38112654302109      c
   18.67687511171311     28.20322109966242     24.02869803917309      c
   20.94182948863109     29.52349645469479     24.44227083764365      c
   18.04055334074077     25.05495243715310     20.63231064196628      c
   19.25586559672884     23.71806907289637     18.60211801865444      c
   19.34412529317401     21.06051237728541     19.14060405722316      c
   18.05230851437983     20.78416984592344     21.44464426318640      c
   17.16272183093838     23.22740818529515     22.34102570257335      c
   21.46876707070152     19.67833503682153     18.66674697337009      c
   23.67768534215419     20.77927579541136     17.75645748985660      c
   25.79813011354795     19.67668411538727     18.79106014983464      c
   25.05039277367878     17.76037224649637     20.57497922372884      c
   22.35216250113265     17.68234176984463     20.43678355223496      c
   28.00506757407679     21.02005033629263     19.22866081597981      c
   27.82918006780801     23.68576450715207     18.64821044194376      c
   29.17045729096889     25.18552775025491     20.47955619915484      c
   30.18077736708797     23.28946053623439     22.25422617860742      c
   29.52621648868406     20.75056480845470     21.55570904222273      c
   28.22623310726422     27.45472163324718     21.32127793399660      c
   26.16676237128846     28.82948489782274     20.07731589928104      c
   24.79989920126321     30.03613593426930     22.11064758445302      c
   26.12055132989031     29.67465430569806     24.39392945129342      c
   28.37231817745855     28.25349524120114     23.93450845773789      c
   24.93456476986998     27.25760401772855     18.23527090959482      c
   25.80499025401735     24.88775230423540     17.38577588082572      c
   23.52250787360850     23.25243163628127     16.80429201557211      c
   21.35914182833515     24.86038294723818     17.51019541107656      c
   22.06851338150434     27.23731040005428     18.24180764233526      c
  -.18963359323111D-01  0.48442522170361D-01  0.10902426416833D-01
  0.42526029713545D-01  -.53287177376340D-01  -.13262458736910D-01
  -.39145629337799D-01  0.12833571287098D-01  -.24396172181615D-01
  -.34522381057584D-01  -.18274970170788D-01  -.31380060750521D-01
  0.42164800928642D-02  0.14361932295857D-01  0.97072893038190D-02
  0.61386436762515D-01  0.85651383467461D-01  0.31817439453843D-01
  -.12243700585579D-01  0.27786369046277D-01  -.49650376967395D-01
  0.20625731358609D-01  0.22750095365268D-01  0.14333090544456D-01
  0.21637579128827D-01  -.36991541328916D-01  0.34597709957445D-01
  -.26105702295574D-01  0.14650708894179D-01  -.58994727403735D-01
  0.23276653831047D-02  -.17317373496094D-02  -.62628262278316D-01
  -.24308087942397D-01  0.23854272945280D-01  0.95185495654113D-02
  -.16758403691562D-01  0.10527721185791D-01  0.14118971047936D-01
  0.20495902108391D-01  0.29514636976926D-01  0.30219398673526D-02
  0.40679790649456D-01  -.44269695621067D-01  0.44730601386801D-01
  -.15282059380211D-01  0.26012760067413D-01  -.30937275449302D-01
  0.22533165260632D-02  -.28434072635332D-01  -.21543692165204D-01
  -.60649152189686D-02  0.13209734476310D-01  0.37941795547408D-01
  -.15862458420741D-01  -.32230832452208D-01  -.19341414382559D-01
  0.21105160334308D-01  0.31899990176458D-02  0.32988814687307D-01
  -.78675527862567D-02  -.15170989116081D-01  -.57558805870558D-01
  0.18391457840476D-01  0.21497171541409D-01  -.24019100432342D-01
  -.44857516096788D-01  0.26025804857286D-01  0.35397924030339D-02
  0.19554234215803D-01  -.26116219234794D-01  -.13654560355167D-04
  -.68700130114638D-02  -.13447987796437D-01  0.14074313620131D-01
  -.24099615293239D-01  0.39903359455544D-01  -.11177682695681D-01
  -.21110783134847D-01  -.48998187466334D-02  0.43231187879199D-02
  0.17933361472482D-01  -.22998866012024D-01  0.21465031651983D-01
  -.23016354634907D-01  0.29558755746083D-01  -.18342515870035D-02
  0.17604890550618D-01  -.24214812215552D-01  0.22369400257304D-01
  -.18325466316647D-01  0.80970328202914D-02  -.12000978714966D-01
  0.65642246084403D-01  0.35506910287136D-01  -.21925385175776D-01
  -.27981239010585D-01  -.45014561331572D-01  0.16036513210642D-01
  -.16870106473025D-01  -.14285065230944D-01  0.45833093392897D-01
  0.11068890441700D-01  -.42176466704061D-01  0.57547190097785D-04
  0.13844454393327D-01  0.47685799121143D-02  0.33060162995793D-01
  -.20068351013364D-01  -.15798692084797D-01  0.16142935928044D-01
  0.15013639119176D-01  -.22154795374994D-01  0.74643441684200D-02
  0.25508436962431D-01  0.26427110303763D-02  -.25174792761859D-01
  0.48070237051002D-02  -.10089299511418D-01  -.17773412080393D-01
  -.98530711583068D-02  0.54600317988973D-01  -.21275123559089D-01
  0.30257087176204D-01  -.44892588303865D-01  0.62534038598624D-01
  -.52537916385324D-01  0.24831013354824D-01  -.16665555227739D-01
  0.45950139455808D-02  -.87032273125033D-02  0.19807472613514D-01
  0.32722761673751D-01  -.19636187993252D-01  -.25322936577782D-01
  -.25168443360428D-02  -.19579244108688D-01  -.23275985363372D-02
  -.27815305739195D-02  -.32738106222026D-01  0.18338132727735D-01
  -.71876769532369D-02  0.39607972983359D-01  -.11770907978180D-02
  0.20135366399482D-02  -.18275664144178D-01  0.44058381899893D-03
  0.34970732720280D-01  0.82095606647348D-02  0.21249279137813D-01
  -.10030736492331D-01  -.38111409379743D-01  0.16438634448641D-01
  -.90687500200805D-02  0.61809383600785D-01  0.10002364918560D-01
  0.69558574305927D-02  -.33303334543421D-02  0.26958060769735D-01
  0.28952852750741D-02  -.24121404328255D-01  -.39632395852759D-01
  -.58050774176388D-03  0.16989404291361D-01  0.21993826448276D-01
  0.31871198432030D-01  -.44556094174131D-01  -.17399427031391D-01
  0.13402437197324D-01  0.46834437524830D-01  -.12003956709373D-02
  -.34511420895435D-01  -.36338849332173D-01  -.35308904823407D-01
  0.21438835665783D-01  0.64513682468323D-01  0.23967432734035D-01
  -.78285092814488D-01  -.56186659254714D-01  -.59394145539581D-02
$end
