$grad          cartesian gradients
  cycle =      2    SCF energy =    -2285.1715062730   |dE/dxyz| =  0.381401
   25.86066001717615     22.48466100740875     29.79805833492405      c
   23.68047051500297     23.86231296403020     30.24456953217837      c
   21.42176332698861     22.37920015450322     29.70192596385465      c
   22.28355856420564     19.93048038104811     28.91886729945582      c
   25.03063015014827     19.96657804286428     29.00781564989532      c
   17.99820350114402     26.58883702869646     25.83522264057969      c
   17.15655794116234     24.02861294480570     24.82063507154242      c
   18.11944747892325     22.15847700620157     26.67578536859470      c
   19.29151735876864     23.40948654773178     28.75530114767029      c
   19.26462714183032     26.12339895818751     28.05806295902949      c
   18.84218512166370     19.03662769757210     23.15467094490205      c
   21.04051049553026     17.59230631665741     22.74656204385645      c
   22.40038464576442     17.31218935971769     25.13494095352888      c
   21.11769932596061     18.72670029211914     27.00108019696847      c
   18.89549285944754     19.68855628197071     25.96168747810700      c
   26.34188057005192     17.64567097299213     22.81506569301803      c
   28.65878429292357     18.97049983099166     23.32527904770743      c
   28.54747243219645     19.70720273876571     26.08741265793186      c
   26.33543038676799     18.52486552335095     27.19066632791467      c
   25.03725862909205     17.24763015479331     25.23266912272148      c
   30.01472017832497     23.92924689328910     24.72225710112460      c
   29.24957471919026     26.48117460706122     25.59474253792590      c
   27.79064344986635     26.18750083049247     27.95746820758665      c
   27.99506793711025     23.50661930201704     28.66338832716730      c
   29.30018213282831     22.12012662076949     26.73248711119015      c
   24.82684076206034     29.59858861509262     26.71894410545911      c
   22.11526966558124     29.41532564004025     26.77714899290586      c
   21.38051676619519     27.54404560454848     28.65836460364855      c
   23.57703558078387     26.50483788987461     29.77813748462513      c
   25.76732185184640     27.66486027434672     28.61604137139563      c
   22.18078116019160     30.07007928940613     22.06554424381733      c
   20.95211056250938     28.68710988913438     20.10178747464973      c
   18.70237560516212     27.41589539587967     21.38112654302109      c
   18.67687511171311     28.20322109966242     24.02869803917309      c
   20.94182948863109     29.52349645469479     24.44227083764365      c
   18.04055334074077     25.05495243715310     20.63231064196628      c
   19.25586559672884     23.71806907289637     18.60211801865444      c
   19.34412529317401     21.06051237728541     19.14060405722316      c
   18.05230851437983     20.78416984592344     21.44464426318640      c
   17.16272183093838     23.22740818529515     22.34102570257335      c
   21.46876707070152     19.67833503682153     18.66674697337009      c
   23.67768534215419     20.77927579541136     17.75645748985660      c
   25.79813011354795     19.67668411538727     18.79106014983464      c
   25.05039277367878     17.76037224649637     20.57497922372884      c
   22.35216250113265     17.68234176984463     20.43678355223496      c
   28.00506757407679     21.02005033629263     19.22866081597981      c
   27.82918006780801     23.68576450715207     18.64821044194376      c
   29.17045729096889     25.18552775025491     20.47955619915484      c
   30.18077736708797     23.28946053623439     22.25422617860742      c
   29.52621648868406     20.75056480845470     21.55570904222273      c
   28.22623310726422     27.45472163324718     21.32127793399660      c
   26.16676237128846     28.82948489782274     20.07731589928104      c
   24.79989920126321     30.03613593426930     22.11064758445302      c
   26.12055132989031     29.67465430569806     24.39392945129342      c
   28.37231817745855     28.25349524120114     23.93450845773789      c
   24.93456476986998     27.25760401772855     18.23527090959482      c
   25.80499025401735     24.88775230423540     17.38577588082572      c
   23.52250787360850     23.25243163628127     16.80429201557211      c
   21.35914182833515     24.86038294723818     17.51019541107656      c
   22.06851338150434     27.23731040005428     18.24180764233526      c
  -.18434671327856D-01  0.46876781040860D-01  0.12164761271491D-01
  0.41198089392349D-01  -.53396911256764D-01  -.11212311326715D-01
  -.36902454731681D-01  0.12464306390606D-01  -.25473781796073D-01
  -.34713297758485D-01  -.20470359102208D-01  -.26170347016827D-01
  0.33745071096682D-02  0.15241932196233D-01  0.10010020420773D-01
  0.59070949003390D-01  0.83897802967036D-01  0.31863760906784D-01
  -.13791642909425D-01  0.28142798379649D-01  -.47252177131915D-01
  0.22489945062226D-01  0.23929219964891D-01  0.12944085523017D-01
  0.16830419746092D-01  -.36190949327920D-01  0.37617946744397D-01
  -.26475349975849D-01  0.13509550122220D-01  -.57334650983418D-01
  0.60782444217750D-03  -.38009715849347D-02  -.60574702401268D-01
  -.23562413819370D-01  0.24549537017270D-01  0.10189573105770D-01
  -.18450725558617D-01  0.72653552000622D-02  0.14781240000688D-01
  0.21281688034946D-01  0.31386277529675D-01  0.55040020986194D-03
  0.36982862572394D-01  -.47232842997384D-01  0.45183894928000D-01
  -.15697552514183D-01  0.27702650529877D-01  -.29072385668080D-01
  0.50468314305522D-02  -.31652772228331D-01  -.20439247997100D-01
  -.67100262086630D-02  0.11973425062249D-01  0.36576976248628D-01
  -.14015593078839D-01  -.34203105430750D-01  -.17684038378696D-01
  0.22215967731909D-01  0.13487211536241D-02  0.32270116644367D-01
  -.93076467070617D-02  -.14932558995263D-01  -.55822322584204D-01
  0.20891308649995D-01  0.21389054880073D-01  -.21897822118850D-01
  -.44108158524183D-01  0.24455490209456D-01  0.24698943629189D-02
  0.21795661505295D-01  -.24955127088720D-01  0.16530379004030D-02
  -.40109889310342D-02  -.12704880818914D-01  0.15086828181562D-01
  -.23514630861649D-01  0.40900894535096D-01  -.93082338464370D-02
  -.21461830699942D-01  -.19577924422549D-02  0.64715665675627D-02
  0.18040911222076D-01  -.21573186817402D-01  0.21449968215763D-01
  -.22376991741075D-01  0.30149592208869D-01  -.16276089473047D-03
  0.16986425414750D-01  -.21528505797618D-01  0.23421549822287D-01
  -.19879891526803D-01  0.12425397725567D-01  -.12356879169299D-01
  0.63791437935393D-01  0.35042166243738D-01  -.20758497087373D-01
  -.27953574839670D-01  -.41754444032627D-01  0.15222595016926D-01
  -.19125830559933D-01  -.10624691477514D-01  0.44563041167561D-01
  0.11829249384835D-01  -.44767501328442D-01  -.11940230569316D-02
  0.14384473825685D-01  0.29625881637764D-02  0.33305519008565D-01
  -.23456098696595D-01  -.15579801800383D-01  0.13604927290114D-01
  0.13121215796927D-01  -.21834249597095D-01  0.64453452063128D-02
  0.24905583352434D-01  0.36999783157387D-02  -.25912115980983D-01
  0.23048688594638D-02  -.10618481117571D-01  -.19206387038969D-01
  -.91686014445831D-02  0.52046041901610D-01  -.22211019200958D-01
  0.29450070456327D-01  -.44051216084692D-01  0.63422534795566D-01
  -.52449011767901D-01  0.23559353805803D-01  -.16439361718319D-01
  0.50793750522488D-02  -.11011139612726D-01  0.17310474872633D-01
  0.31888984468998D-01  -.21733187298197D-01  -.27575810124796D-01
  0.39038025876945D-03  -.19900951825766D-01  -.46097534432105D-02
  -.33818005673156D-02  -.32397721240658D-01  0.20234455925025D-01
  -.33540024362118D-02  0.39284605678348D-01  -.32846401947381D-02
  0.43735865840621D-02  -.17993697789731D-01  -.16543892174757D-02
  0.34856160165792D-01  0.83792045366124D-02  0.20306545884160D-01
  -.13111739784353D-01  -.37877064194128D-01  0.17874492568051D-01
  -.58491370895555D-02  0.64881653789886D-01  0.74008079725712D-02
  0.74489612421613D-02  -.40918285870262D-02  0.26517548891098D-01
  0.34387693114589D-02  -.23698948335058D-01  -.39825600683792D-01
  0.15902628806129D-02  0.19690990450519D-01  0.20563802826464D-01
  0.29724543830336D-01  -.44914292482870D-01  -.15562212005018D-01
  0.13939227597290D-01  0.46315295247710D-01  -.47030588162323D-02
  -.33870703070491D-01  -.35410000610663D-01  -.39365590668409D-01
  0.22731580834242D-01  0.62698143976551D-01  0.25141368591348D-01
  -.76784838029152D-01  -.53125611133610D-01  -.96919898428978D-02
$end
