$coord  natoms=    60
   25.96762210630960     22.47800816989522     30.06049131037857      c
   23.61375843959111     23.92185668464174     30.33742874642183      c
   21.49640055471918     22.23831710348751     29.87781129693839      c
   22.50756424237482     19.87187528740268     28.80901619702303      c
   25.32628736436016     19.89446361840734     29.01731677711020      c
   17.71674215524471     26.19684909776112     25.84182878296068      c
   17.08208037639202     23.60668886077532     24.90037127168603      c
   17.99296557716904     21.70839562496903     26.61683292439030      c
   19.28864317981940     23.02564004827012     28.64432066931639      c
   19.17936808480666     25.74805594282775     28.06555797188772      c
   19.20425281099796     18.82339510237502     23.26057497637833      c
   21.52409131633569     17.45936181611864     22.60673281751140      c
   22.77482004456378     17.27195986842181     24.99360058879100      c
   21.31130815470283     18.45816843346726     26.98810435473921      c
   18.99339076384066     19.40471533624349     25.84978392523300      c
   26.67596791613834     17.81166632991633     22.77681480166641      c
   28.68121437826256     19.39632472548302     23.24015281953307      c
   28.71062486624151     20.04417352345940     25.96447000533921      c
   26.69691445308593     18.76676324185165     27.05480467605457      c
   25.41662785713842     17.42427661286827     25.02955347868877      c
   30.02570048866389     24.38898747732682     24.89345844565228      c
   29.08374070708257     26.87681027633492     25.86289896468860      c
   27.68432135427952     26.29119412806733     28.08120137041177      c
   28.00539285263462     23.65580433563798     28.80316343175615      c
   29.25138655080403     22.45924003363506     26.65374169445368      c
   24.55140669763552     29.63322572648433     26.97736736553609      c
   21.83994316436744     29.33652704641063     26.90393706808679      c
   21.14304709174424     27.38517079235364     28.64376690397283      c
   23.51248421822290     26.41893171503683     29.75089995492236      c
   25.51116227579684     27.69575291231974     28.54798407554469      c
   21.77862850581547     29.88342746849447     22.11716967181598      c
   20.50514441369056     28.51917134573348     20.10278861375603      c
   18.44120793362887     27.25890475401465     21.25744033989017      c
   18.31992136142279     27.88036091883858     23.92137060928796      c
   20.47345701360130     29.43741387392329     24.49790384562932      c
   17.82108018957877     24.85219905361848     20.45074076703527      c
   19.24494742058490     23.52721629632335     18.49089380342499      c
   19.60071850467739     20.88615815699962     19.22112511731812      c
   18.22776478514698     20.60262291226758     21.48723523183666      c
   17.18495151082184     22.94186283888435     22.26451719244512      c
   21.79220756752098     19.64022887959380     18.61210784794240      c
   23.94937510323567     20.74706138850047     17.34719821803263      c
   26.13080080754779     19.83685898356681     18.67286773959597      c
   25.53001452376681     17.88858281301761     20.38039100662802      c
   22.84827944379541     17.65043431114816     20.33730920051416      c
   28.21820931124180     21.46163643483464     19.23139763073706      c
   27.90910061073507     24.03337781363990     18.55917726169852      c
   29.16043240726132     25.45380347542785     20.50810909162391      c
   30.18052323671873     23.79445303117572     22.34834349691561      c
   29.64747843775874     21.20548857508706     21.66802170190545      c
   28.18942863118566     27.83143993458866     21.31045719213165      c
   25.80008856901173     28.65844748703638     20.28666682694280      c
   24.39859004504006     29.97367935201474     22.27753738654653      c
   25.78486829906425     29.72633805064492     24.59202775908169      c
   28.10617451688844     28.48099131911154     23.93448462829146      c
   24.71490300514348     27.34477840666582     18.39347963112525      c
   25.63776154844065     25.01647651721457     17.53304227551233      c
   23.67451455179242     23.38395137780838     16.77212708169116      c
   21.28585838150300     24.78736103850166     17.32299745931487      c
   21.95446916577363     27.02725063612318     18.35042116312902      c
$user-defined bonds
$end
