$grad          cartesian gradients
  cycle =      2    SCF energy =    -2285.1748924660   |dE/dxyz| =  0.361016
   25.96762210630960     22.47800816989522     30.06049131037857      c
   23.61375843959111     23.92185668464174     30.33742874642183      c
   21.49640055471918     22.23831710348751     29.87781129693839      c
   22.50756424237482     19.87187528740268     28.80901619702303      c
   25.32628736436016     19.89446361840734     29.01731677711020      c
   17.71674215524471     26.19684909776112     25.84182878296068      c
   17.08208037639202     23.60668886077532     24.90037127168603      c
   17.99296557716904     21.70839562496903     26.61683292439030      c
   19.28864317981940     23.02564004827012     28.64432066931639      c
   19.17936808480666     25.74805594282775     28.06555797188772      c
   19.20425281099796     18.82339510237502     23.26057497637833      c
   21.52409131633569     17.45936181611864     22.60673281751140      c
   22.77482004456378     17.27195986842181     24.99360058879100      c
   21.31130815470283     18.45816843346726     26.98810435473921      c
   18.99339076384066     19.40471533624349     25.84978392523300      c
   26.67596791613834     17.81166632991633     22.77681480166641      c
   28.68121437826256     19.39632472548302     23.24015281953307      c
   28.71062486624151     20.04417352345940     25.96447000533921      c
   26.69691445308593     18.76676324185165     27.05480467605457      c
   25.41662785713842     17.42427661286827     25.02955347868877      c
   30.02570048866389     24.38898747732682     24.89345844565228      c
   29.08374070708257     26.87681027633492     25.86289896468860      c
   27.68432135427952     26.29119412806733     28.08120137041177      c
   28.00539285263462     23.65580433563798     28.80316343175615      c
   29.25138655080403     22.45924003363506     26.65374169445368      c
   24.55140669763552     29.63322572648433     26.97736736553609      c
   21.83994316436744     29.33652704641063     26.90393706808679      c
   21.14304709174424     27.38517079235364     28.64376690397283      c
   23.51248421822290     26.41893171503683     29.75089995492236      c
   25.51116227579684     27.69575291231974     28.54798407554469      c
   21.77862850581547     29.88342746849447     22.11716967181598      c
   20.50514441369056     28.51917134573348     20.10278861375603      c
   18.44120793362887     27.25890475401465     21.25744033989017      c
   18.31992136142279     27.88036091883858     23.92137060928796      c
   20.47345701360130     29.43741387392329     24.49790384562932      c
   17.82108018957877     24.85219905361848     20.45074076703527      c
   19.24494742058490     23.52721629632335     18.49089380342499      c
   19.60071850467739     20.88615815699962     19.22112511731812      c
   18.22776478514698     20.60262291226758     21.48723523183666      c
   17.18495151082184     22.94186283888435     22.26451719244512      c
   21.79220756752098     19.64022887959380     18.61210784794240      c
   23.94937510323567     20.74706138850047     17.34719821803263      c
   26.13080080754779     19.83685898356681     18.67286773959597      c
   25.53001452376681     17.88858281301761     20.38039100662802      c
   22.84827944379541     17.65043431114816     20.33730920051416      c
   28.21820931124180     21.46163643483464     19.23139763073706      c
   27.90910061073507     24.03337781363990     18.55917726169852      c
   29.16043240726132     25.45380347542785     20.50810909162391      c
   30.18052323671873     23.79445303117572     22.34834349691561      c
   29.64747843775874     21.20548857508706     21.66802170190545      c
   28.18942863118566     27.83143993458866     21.31045719213165      c
   25.80008856901173     28.65844748703638     20.28666682694280      c
   24.39859004504006     29.97367935201474     22.27753738654653      c
   25.78486829906425     29.72633805064492     24.59202775908169      c
   28.10617451688844     28.48099131911154     23.93448462829146      c
   24.71490300514348     27.34477840666582     18.39347963112525      c
   25.63776154844065     25.01647651721457     17.53304227551233      c
   23.67451455179242     23.38395137780838     16.77212708169116      c
   21.28585838150300     24.78736103850166     17.32299745931487      c
   21.95446916577363     27.02725063612318     18.35042116312902      c
  -.90151310339300D-03  0.23750241950616D-01  0.48203504655834D-01
  -.12920491844160D-01  0.36904926297521D-01  -.16782222017528D-01
  0.79304209929495D-02  0.26336592871397D-01  0.40800761722387D-01
  -.32237631710328D-01  0.39015795418690D-02  -.34098020768096D-01
  0.31012583607189D-01  -.29114283104767D-01  0.51153648850699D-03
  0.13302255836198D-01  0.59036022556391D-01  0.36030343689365D-01
  0.24729345326921D-03  0.15688694819375D-01  0.26916717044497D-01
  -.10350852417383D-01  -.10818459569502D-01  -.16828708127136D-01
  -.12631475136088D-01  -.38922893994085D-01  -.69356056415965D-02
  0.88000316139829D-02  -.60043593600851D-02  -.11485252883216D-01
  0.22747665588203D-01  -.17755734769829D-01  0.52490520615117D-01
  0.16020406788170D-01  0.20146519008861D-02  -.25428639088559D-01
  -.24464502435089D-01  0.59864052904057D-02  -.78448768548578D-02
  0.56903658035151D-02  -.76103636291250D-02  0.37214408602118D-02
  -.17712634022121D-01  0.30059729597424D-02  -.42682628105454D-02
  -.50952442658553D-02  0.19979865363603D-01  0.53743260723706D-01
  -.60626197219224D-01  -.37767919760883D-01  -.46776645953091D-01
  -.16864832673358D-01  0.37509020038482D-02  0.36091699471650D-01
  0.33704926586948D-01  0.55142126328205D-02  -.28306209264340D-01
  0.41214721151983D-01  0.11790475951537D-01  -.36168966569820D-01
  0.60947170515718D-04  -.20222660740314D-01  -.12263454178877D-01
  -.47687745661976D-02  0.36613670643446D-01  0.55934345724992D-01
  -.10038711947186D-01  -.23145649524885D-01  -.10023649172396D-01
  0.27460655048011D-01  -.94625102344151D-02  0.11379056633458D-01
  -.20806319727802D-01  -.21305238847291D-01  -.29399753062610D-01
  -.94374993920481D-02  0.16841943609224D-01  0.53712668857345D-01
  0.29563918422678D-01  -.35390739148561D-03  0.44247252014914D-01
  -.13339974309698D-01  0.64364926057841D-02  -.45884068929022D-02
  0.45131925031851D-01  -.84494721165427D-02  0.26354417577626D-02
  -.26724026536638D-01  0.12118097394824D-01  -.33883873364169D-01
  -.13705424795425D-01  0.45012030176175D-02  -.23322594249606D-01
  -.21898274067512D-01  0.25830062265616D-01  0.75988619345521D-02
  0.15085166170784D-01  0.58807877438897D-02  0.11204583365565D-02
  -.24401774712846D-01  -.11911435265765D-01  -.30954380972002D-01
  -.15184655564645D-01  -.18980232912552D-01  -.15017863745387D-01
  -.51067308650772D-02  0.23855398051131D-01  0.15227890605725D-01
  -.17859953121015D-01  -.13707651813597D-01  0.20165953461101D-02
  0.10083320526350D-01  -.30328342428461D-01  0.31676626180874D-01
  -.12998484693727D-01  0.46289217088191D-01  -.35248325066362D-01
  0.11198314448856D-01  -.24178230381040D-01  -.46555432121283D-01
  -.17283646867605D-01  0.45617555270602D-01  -.44858708104663D-02
  0.23464391223987D-01  -.44968169424894D-01  -.11773074995780D-01
  -.50882178250793D-01  -.21544382177668D-01  0.16639835824642D-01
  0.22422621764732D-01  0.80860208625106D-02  -.24132999188460D-01
  0.41374842644981D-01  -.33056646983008D-01  -.44276403969517D-02
  0.20438693705948D-01  0.29513023258057D-01  0.20738763245828D-02
  0.33352097639267D-02  -.17445522114998D-01  -.64008877605152D-02
  0.80137453824925D-02  -.41271617480812D-01  -.32845170557125D-02
  -.53019911710165D-02  0.11989281809216D-01  -.28678704168689D-01
  0.38412718838791D-01  -.94729128453780D-02  0.66542226641436D-01
  0.42348806966479D-02  0.24464472886884D-01  0.45052905924422D-02
  -.27666869120698D-01  -.25084891518882D-01  -.20083380801995D-01
  0.70467024066668D-02  0.83530636215307D-02  0.24848025055807D-01
  0.91610900784266D-02  -.27434378861375D-01  0.83571048414017D-02
  -.99971831763904D-02  0.14460312115970D-01  -.52286222847268D-01
  0.47338142989078D-01  0.28531895018948D-02  0.10153686974147D-01
  -.53345571855950D-01  0.22775309264306D-01  0.11165510409917D-01
  0.13580364847131D-01  0.22429027174305D-01  -.15666601545885D-01
  0.88821369940930D-02  0.71540151535436D-01  0.43796775546666D-02
  -.12216935440722D-01  -.10772042373596D+00  -.25212626585831D-01
$end
