$coord
   27.45263322131781     27.62402427545114     20.03696892371200       c
   25.72687311452554     26.67207568503397     18.16955704421377       c
   23.47490138285087     27.93798696427610     18.65543700030873       c
   23.72515647182951     29.62859621873244     20.62052177451041       c
   26.33589435232611     29.49833558282490     21.50886671891538       c
   19.29487303993445     22.63749691631342     18.63503451551242       c
   17.94280181453327     24.54096928671494     20.16735849563301       c
   19.19749617082841     26.88748503685675     19.87182163807800       c
   21.33822386404657     26.47504832283505     18.19076706567492       c
   21.41775444309056     23.86017296257763     17.46983881680153       c
   18.35565050774739     27.82708702604963     24.28231980752358       c
   20.12668578797187     28.65180848231808     26.16668351301729       c
   22.18643537193458     29.82624906138134     24.95345167541708       c
   21.71279318773639     29.80646774845946     22.18936550567437       c
   19.42621741487719     28.52445301686824     21.87553146940397       c
   25.10805547980312     28.32596051221038     28.16220890270299       c
   27.50639249026187     27.07401727589925     27.93630886858018       c
   28.55065030903119     27.90091350458096     25.38174819939861       c
   26.56812100054155     29.49644615905645     24.14608691896630       c
   24.59617842913086     29.72936478718421     25.92603278699170       c
   30.13852365785918     23.55469401021656     24.70508693617268       c
   29.87506318161891     22.01657862423635     22.46715989472063       c
   29.32908921666493     23.44725516207913     20.37869516640378       c
   29.24849286988117     26.09037673115286     21.16470809634502       c
   29.97173833872309     26.25756305017259     23.83841210484842       c
   26.50532424868731     20.08917109612388     18.77075041279652       c
   23.98027635835982     20.23566275979118     17.90764230725167       c
   23.53696575244826     22.84672049533163     17.13234495591655       c
   25.85144412522252     24.23935559906645     17.29582608892373       c
   27.61772561040789     22.51017325495426     18.50387678881901       c
   22.62852311717363     17.48925605508824     21.48846056805039       c
   20.53834166715887     17.80547369740594     23.17203357845976       c
   18.72022367156673     19.58941372836287     21.91565286836553       c
   19.78451988159993     20.29250917981873     19.66709150653071       c
   22.10159581521332     18.98470006457159     19.25097113047702       c
   17.43981894883917     21.21858917703507     23.27582378119030       c
   17.99461417424016     21.30461982813268     25.91758278213913       c
   17.83267086255869     23.98554833519956     26.84558534892014       c
   17.16250661003005     25.43659623404938     24.57242460953884       c
   17.04513335827188     23.77994690762799     22.41730727549127       c
   19.21149632020627     24.87462511384081     28.87223743805666       c
   21.03817662707456     23.20035027406053     29.95560805226304       c
   23.42566177187908     24.51071790840506     30.40120779681293       c
   23.10292519804105     27.00770242091878     29.34504481684203       c
   20.53859061967853     27.26713492702714     28.38007578665905       c
   25.80013157917833     23.36668829502291     29.94169303504709       c
   25.95823113123054     20.70528303987832     29.29906787471619       c
   27.96441174166993     20.42470491417514     27.43593956970548       c
   29.22711766745947     22.92610836225870     26.98191627646877       c
   27.85073496428689     24.54330107647191     28.60658348111449       c
   27.94718696363302     18.75485811844460     25.40046404693691       c
   25.49997538059797     17.37277664378703     24.98359460234467       c
   25.16581074471305     17.37270602472175     22.21918249264000       c
   27.10789158044349     18.73937784107963     20.89518486847090       c
   28.67476857914324     19.81224227723175     22.90803766721935       c
   23.59229133978797     17.82535216114789     26.69119589616841       c
   23.69373722387734     19.39486185069542     28.90283818893247       c
   21.30770429580507     20.68219283540949     29.27009308199253       c
   19.65129010800538     19.75866478104362     27.18772544163322       c
   20.99606587562710     17.80570711637685     25.68560463290908       c
$end
