$coord
   25.02563250485004     24.20488007815566     30.43138470101625       c
   26.89535440446027     22.54197209219308     29.37711855254020       c
   28.51506060559732     23.96982999013741     27.67592484757354       c
   27.58982482462990     26.53611913112790     27.67264063584977       c
   25.43371646151080     26.69872671933670     29.20354690563715       c
   29.33040652584915     20.71217218764374     21.96361160407278       c
   29.56255675354011     23.20839617987860     21.20677784073558       c
   30.09263547616941     24.70977931511274     23.26766566343494       c
   29.65865936142305     23.11981970864317     25.54363551849502       c
   29.59313322143522     20.52148623609301     24.69072484755017       c
   27.88105594120995     28.13852710057357     21.17320783878919       c
   25.82891044509739     29.61614607941378     22.16998256591683       c
   26.02350949032891     29.53549292746271     24.76708429608169       c
   28.06107901861618     28.08325880972995     25.51666761491571       c
   29.44037070949323     27.11049418685137     23.27378977447606       c
   21.50728437564219     29.64452882094260     24.90574351739395       c
   19.71533041303320     28.23876699924472     26.44889379517431       c
   21.01449537296572     27.25649142257542     28.60095844674289       c
   23.50226611001909     28.34100027551844     28.49889961108774       c
   23.78540103516889     29.82257354406895     26.30401928353542       c
   18.81083832581115     23.16402954897261     28.14420837319464       c
   19.81863928362253     20.68657673545696     28.17855184004385       c
   22.16237791114884     20.73373611701350     29.42465603049976       c
   22.56162469586862     23.27634079136073     30.39780551500089       c
   20.51434964758883     24.82525832430084     29.42295028811063       c
   23.73199459698956     17.58227912748397     26.38018894687224       c
   26.02159124823706     17.61494926074708     24.96545599054841       c
   27.85132901859143     19.09622884696056     26.28444527356941       c
   26.59810541724182     20.07841154359084     28.57628992411750       c
   24.10891328488929     19.17942184751491     28.59137307553738       c
   23.41359653197749     17.68370293957220     20.96962044352673       c
   23.72590353725836     19.08285689923831     18.66301019113673       c
   26.20880616973934     19.92458649534076     18.52582064762612       c
   27.64318738336861     19.03049232376328     20.77056088875064       c
   25.87562022301436     17.62831079607838     22.18948062778988       c
   26.70026197063487     22.38094518429848     17.75117126448188       c
   24.65875550032312     24.03023487784120     16.94035609489467       c
   25.08324284666347     26.54701287311305     17.71724257361977       c
   27.53918418960658     26.61560936451913     19.05225563813644       c
   28.40446582034545     24.00160756795734     18.98009055012210       c
   23.26808773376487     28.11451121376258     18.60510391821218       c
   20.80389747172612     27.24662701441035     18.97231982622229       c
   19.61581490307740     28.15507401495232     21.21522837471147       c
   21.32556891621053     29.84576713545406     22.31060919999469       c
   23.69415086602876     29.54877125815275     20.81895720943931       c
   17.93330280381165     26.51419371604776     22.59275827392253       c
   17.44639755791052     24.02154671080515     21.72245261730872       c
   17.00832168233678     22.41082736681540     23.90222369632338       c
   17.53109396787783     24.07937304831462     26.02083099251986       c
   17.89754652101990     26.70701005034508     25.35989279867139       c
   17.91703167606353     20.03357028907138     24.07913123895971       c
   19.09732536054437     19.06987754211845     21.60223253093833       c
   21.19018192575842     17.64950745717582     22.35963801201727       c
   21.47640385081362     17.59929253965385     25.02805331960473       c
   19.34939481336979     19.12920717565733     26.14045819621591       c
   19.45327114981709     20.64337338215876     19.48582453580021       c
   18.40440846532454     23.16336423309591     19.40104858726031       c
   20.15118935640383     24.72882178291442     18.15393913809515       c
   22.20296665827828     23.17747685897270     17.16690177284522       c
   21.75052814606146     20.57762183563878     18.07991384147824       c
$end
