$grad          cartesian gradients
  cycle =      1    SCF energy =    -2285.2976261110   |dE/dxyz| =  0.367989
   25.86066001717615     22.48466100740875     29.79805833492405      c
   23.68047051500297     23.86231296403020     30.24456953217837      c
   21.42176332698861     22.37920015450322     29.70192596385465      c
   22.28355856420564     19.93048038104811     28.91886729945582      c
   25.03063015014827     19.96657804286428     29.00781564989532      c
   17.99820350114402     26.58883702869646     25.83522264057969      c
   17.15655794116234     24.02861294480570     24.82063507154242      c
   18.11944747892325     22.15847700620157     26.67578536859470      c
   19.29151735876864     23.40948654773178     28.75530114767029      c
   19.26462714183032     26.12339895818751     28.05806295902949      c
   18.84218512166370     19.03662769757210     23.15467094490205      c
   21.04051049553026     17.59230631665741     22.74656204385645      c
   22.40038464576442     17.31218935971769     25.13494095352888      c
   21.11769932596061     18.72670029211914     27.00108019696847      c
   18.89549285944754     19.68855628197071     25.96168747810700      c
   26.34188057005192     17.64567097299213     22.81506569301803      c
   28.65878429292357     18.97049983099166     23.32527904770743      c
   28.54747243219645     19.70720273876571     26.08741265793186      c
   26.33543038676799     18.52486552335095     27.19066632791467      c
   25.03725862909205     17.24763015479331     25.23266912272148      c
   30.01472017832497     23.92924689328910     24.72225710112460      c
   29.24957471919026     26.48117460706122     25.59474253792590      c
   27.79064344986635     26.18750083049247     27.95746820758665      c
   27.99506793711025     23.50661930201704     28.66338832716730      c
   29.30018213282831     22.12012662076949     26.73248711119015      c
   24.82684076206034     29.59858861509262     26.71894410545911      c
   22.11526966558124     29.41532564004025     26.77714899290586      c
   21.38051676619519     27.54404560454848     28.65836460364855      c
   23.57703558078387     26.50483788987461     29.77813748462513      c
   25.76732185184640     27.66486027434672     28.61604137139563      c
   22.18078116019160     30.07007928940613     22.06554424381733      c
   20.95211056250938     28.68710988913438     20.10178747464973      c
   18.70237560516212     27.41589539587967     21.38112654302109      c
   18.67687511171311     28.20322109966242     24.02869803917309      c
   20.94182948863109     29.52349645469479     24.44227083764365      c
   18.04055334074077     25.05495243715310     20.63231064196628      c
   19.25586559672884     23.71806907289637     18.60211801865444      c
   19.34412529317401     21.06051237728541     19.14060405722316      c
   18.05230851437983     20.78416984592344     21.44464426318640      c
   17.16272183093838     23.22740818529515     22.34102570257335      c
   21.46876707070152     19.67833503682153     18.66674697337009      c
   23.67768534215419     20.77927579541136     17.75645748985660      c
   25.79813011354795     19.67668411538727     18.79106014983464      c
   25.05039277367878     17.76037224649637     20.57497922372884      c
   22.35216250113265     17.68234176984463     20.43678355223496      c
   28.00506757407679     21.02005033629263     19.22866081597981      c
   27.82918006780801     23.68576450715207     18.64821044194376      c
   29.17045729096889     25.18552775025491     20.47955619915484      c
   30.18077736708797     23.28946053623439     22.25422617860742      c
   29.52621648868406     20.75056480845470     21.55570904222273      c
   28.22623310726422     27.45472163324718     21.32127793399660      c
   26.16676237128846     28.82948489782274     20.07731589928104      c
   24.79989920126321     30.03613593426930     22.11064758445302      c
   26.12055132989031     29.67465430569806     24.39392945129342      c
   28.37231817745855     28.25349524120114     23.93450845773789      c
   24.93456476986998     27.25760401772855     18.23527090959482      c
   25.80499025401735     24.88775230423540     17.38577588082572      c
   23.52250787360850     23.25243163628127     16.80429201557211      c
   21.35914182833515     24.86038294723818     17.51019541107656      c
   22.06851338150434     27.23731040005428     18.24180764233526      c
  -.16683926241695D-01  0.47023361688506D-01  0.71347553823929D-02
  0.40168338531414D-01  -.48196148057067D-01  -.14658743317710D-01
  -.37741033580953D-01  0.13057487331379D-01  -.29347802598344D-01
  -.34206746737862D-01  -.18651981810674D-01  -.30868908119920D-01
  0.32964582076540D-02  0.14883585705148D-01  0.41491789807576D-02
  0.61693898384269D-01  0.81994657539333D-01  0.25641235733930D-01
  -.97381122216027D-02  0.25812410581840D-01  -.50460807057453D-01
  0.25407289963707D-01  0.20103096145140D-01  0.11976859982485D-01
  0.22288767992678D-01  -.36194732932161D-01  0.33513555260253D-01
  -.20106365010000D-01  0.13915413220718D-01  -.56660509427808D-01
  0.25529321158939D-02  0.17586799044916D-02  -.60824598282634D-01
  -.19989227084452D-01  0.26553797197357D-01  0.67983704464620D-02
  -.13633650357726D-01  0.10704901178853D-01  0.14159493942110D-01
  0.22557772086313D-01  0.33925980352139D-01  0.16846018910229D-02
  0.38484692062085D-01  -.40328709054828D-01  0.42979099617642D-01
  -.17659684523296D-01  0.28681809014442D-01  -.30890901433728D-01
  0.29516136269753D-02  -.24788370003482D-01  -.22017768785907D-01
  -.82972071594142D-02  0.17040737831811D-01  0.34643676002635D-01
  -.16371358351769D-01  -.27989668607167D-01  -.16885407110110D-01
  0.16838407976278D-01  0.54738195143440D-02  0.30178663194531D-01
  -.10502070563436D-01  -.16243017561733D-01  -.59043427970315D-01
  0.14521720676553D-01  0.23064859206246D-01  -.25684610092737D-01
  -.46471636292861D-01  0.23966187346772D-01  0.23398827795833D-02
  0.14653022700457D-01  -.24804291865287D-01  -.26397912887388D-04
  -.78970955743523D-02  -.15482938929826D-01  0.12335863174198D-01
  -.22399509573630D-01  0.34853267404888D-01  -.14037929743814D-01
  -.20679586336843D-01  -.53363171213355D-02  0.20691694384226D-02
  0.15316230397308D-01  -.23952601363655D-01  0.15995611081272D-01
  -.20545288493367D-01  0.23909413505106D-01  -.35355393320917D-02
  0.17029003118486D-01  -.25132251560572D-01  0.18949991783712D-01
  -.14083113621214D-01  0.80101119924841D-02  -.10201801025004D-01
  0.63509301697792D-01  0.27739933412037D-01  -.20102067488187D-01
  -.24945400926491D-01  -.45592228172929D-01  0.14354896385947D-01
  -.15547630047922D-01  -.15927982231888D-01  0.46963469389533D-01
  0.12536880468231D-01  -.45315724331106D-01  0.80401994630805D-03
  0.16785559896487D-01  0.52562213429310D-02  0.34246104487699D-01
  -.16908226416199D-01  -.13890971799879D-01  0.15373207737132D-01
  0.17653310589790D-01  -.20827165401973D-01  0.87040618961212D-02
  0.28781577591061D-01  0.18995707477429D-02  -.21997096182411D-01
  0.61332540304495D-02  -.76510665841446D-02  -.14096336900146D-01
  -.94802716154619D-02  0.53633573312877D-01  -.17483091984460D-01
  0.26932560057423D-01  -.39021991087758D-01  0.61454224120593D-01
  -.48770000272506D-01  0.25549445958937D-01  -.12167446392102D-01
  0.56780646273100D-02  -.64237872059967D-02  0.20729554619556D-01
  0.29856463267074D-01  -.15836301113259D-01  -.21518979863800D-01
  -.51566868053790D-02  -.19555946222110D-01  -.21939476312804D-02
  -.66925916902602D-02  -.28602983547863D-01  0.20692566994348D-01
  -.74004732663638D-02  0.38789291896811D-01  -.73838110073277D-03
  -.78233436847736D-04  -.15589636751987D-01  0.39678122897217D-02
  0.27735586420460D-01  0.72700352471879D-02  0.22812519925049D-01
  -.13675440502971D-01  -.39800028068163D-01  0.16332744202862D-01
  -.75871523546332D-02  0.56444277420476D-01  0.82825456875152D-02
  0.28121047851208D-02  -.77652649629842D-02  0.26310432404952D-01
  0.42083317691810D-03  -.24780929392980D-01  -.35971298684292D-01
  0.25514275128768D-03  0.12617264762750D-01  0.22645236813660D-01
  0.28625723209825D-01  -.43527434815617D-01  -.10496936124195D-01
  0.13711604263289D-01  0.42162580882200D-01  0.20804336518265D-03
  -.31635764496577D-01  -.35966489808745D-01  -.30588017034005D-01
  0.19583098280476D-01  0.58073376110309D-01  0.28417894156071D-01
  -.73819496507978D-01  -.50981677177959D-01  -.43870993925055D-02
$end
