$grad          cartesian gradients
  cycle =      1    SCF energy =    -2283.1962131630   |dE/dxyz| =  0.361331
   25.96762210630960     22.47800816989522     30.06049131037857      c
   23.61375843959111     23.92185668464174     30.33742874642183      c
   21.49640055471918     22.23831710348751     29.87781129693839      c
   22.50756424237482     19.87187528740268     28.80901619702303      c
   25.32628736436016     19.89446361840734     29.01731677711020      c
   17.71674215524471     26.19684909776112     25.84182878296068      c
   17.08208037639202     23.60668886077532     24.90037127168603      c
   17.99296557716904     21.70839562496903     26.61683292439030      c
   19.28864317981940     23.02564004827012     28.64432066931639      c
   19.17936808480666     25.74805594282775     28.06555797188772      c
   19.20425281099796     18.82339510237502     23.26057497637833      c
   21.52409131633569     17.45936181611864     22.60673281751140      c
   22.77482004456378     17.27195986842181     24.99360058879100      c
   21.31130815470283     18.45816843346726     26.98810435473921      c
   18.99339076384066     19.40471533624349     25.84978392523300      c
   26.67596791613834     17.81166632991633     22.77681480166641      c
   28.68121437826256     19.39632472548302     23.24015281953307      c
   28.71062486624151     20.04417352345940     25.96447000533921      c
   26.69691445308593     18.76676324185165     27.05480467605457      c
   25.41662785713842     17.42427661286827     25.02955347868877      c
   30.02570048866389     24.38898747732682     24.89345844565228      c
   29.08374070708257     26.87681027633492     25.86289896468860      c
   27.68432135427952     26.29119412806733     28.08120137041177      c
   28.00539285263462     23.65580433563798     28.80316343175615      c
   29.25138655080403     22.45924003363506     26.65374169445368      c
   24.55140669763552     29.63322572648433     26.97736736553609      c
   21.83994316436744     29.33652704641063     26.90393706808679      c
   21.14304709174424     27.38517079235364     28.64376690397283      c
   23.51248421822290     26.41893171503683     29.75089995492236      c
   25.51116227579684     27.69575291231974     28.54798407554469      c
   21.77862850581547     29.88342746849447     22.11716967181598      c
   20.50514441369056     28.51917134573348     20.10278861375603      c
   18.44120793362887     27.25890475401465     21.25744033989017      c
   18.31992136142279     27.88036091883858     23.92137060928796      c
   20.47345701360130     29.43741387392329     24.49790384562932      c
   17.82108018957877     24.85219905361848     20.45074076703527      c
   19.24494742058490     23.52721629632335     18.49089380342499      c
   19.60071850467739     20.88615815699962     19.22112511731812      c
   18.22776478514698     20.60262291226758     21.48723523183666      c
   17.18495151082184     22.94186283888435     22.26451719244512      c
   21.79220756752098     19.64022887959380     18.61210784794240      c
   23.94937510323567     20.74706138850047     17.34719821803263      c
   26.13080080754779     19.83685898356681     18.67286773959597      c
   25.53001452376681     17.88858281301761     20.38039100662802      c
   22.84827944379541     17.65043431114816     20.33730920051416      c
   28.21820931124180     21.46163643483464     19.23139763073706      c
   27.90910061073507     24.03337781363990     18.55917726169852      c
   29.16043240726132     25.45380347542785     20.50810909162391      c
   30.18052323671873     23.79445303117572     22.34834349691561      c
   29.64747843775874     21.20548857508706     21.66802170190545      c
   28.18942863118566     27.83143993458866     21.31045719213165      c
   25.80008856901173     28.65844748703638     20.28666682694280      c
   24.39859004504006     29.97367935201474     22.27753738654653      c
   25.78486829906425     29.72633805064492     24.59202775908169      c
   28.10617451688844     28.48099131911154     23.93448462829146      c
   24.71490300514348     27.34477840666582     18.39347963112525      c
   25.63776154844065     25.01647651721457     17.53304227551233      c
   23.67451455179242     23.38395137780838     16.77212708169116      c
   21.28585838150300     24.78736103850166     17.32299745931487      c
   21.95446916577363     27.02725063612318     18.35042116312902      c
  -.86280406703336D-03  0.24739947088971D-01  0.46301734081653D-01
  -.13212411072833D-01  0.38654253192397D-01  -.16012445689269D-01
  0.88788619224379D-02  0.28374246703035D-01  0.36802972934713D-01
  -.33916598494504D-01  0.11545554909953D-02  -.33149618929910D-01
  0.31485228486016D-01  -.27896733232932D-01  -.28822971973873D-02
  0.16215481842128D-01  0.59337639327833D-01  0.35033318688094D-01
  0.94821601876327D-03  0.15016837209246D-01  0.26347029389805D-01
  -.83011479296399D-02  -.11120859093340D-01  -.18251779789944D-01
  -.11883031345485D-01  -.39701002394851D-01  -.67628488426024D-02
  0.96374053411213D-02  -.49128988769830D-02  -.11728467487697D-01
  0.23195463716096D-01  -.16495614166139D-01  0.52771854693192D-01
  0.16857701799288D-01  0.26363193698272D-02  -.26328554883935D-01
  -.23741917954007D-01  0.60155104208184D-02  -.77895990494279D-02
  0.76961074408327D-02  -.39536786579429D-02  0.27064973336784D-02
  -.17678643417438D-01  0.45313488544855D-02  -.50342092134367D-02
  -.52138982317128D-02  0.20561149031817D-01  0.54125789886645D-01
  -.60601060215527D-01  -.37821243776776D-01  -.48875334737065D-01
  -.20459202455035D-01  0.71103241129018D-02  0.36145762604294D-01
  0.34100955453394D-01  0.57564070666376D-02  -.27480323906884D-01
  0.39965534314711D-01  0.14372392236338D-01  -.37760716040036D-01
  -.10129849925006D-02  -.21147847669452D-01  -.13933866348366D-01
  -.78317999806193D-02  0.35905469793312D-01  0.55364108219538D-01
  -.10962827512132D-01  -.22677659019833D-01  -.10397748798355D-01
  0.24619991594467D-01  -.97638588701351D-02  0.96284880598273D-02
  -.18934404545457D-01  -.23242544360974D-01  -.29313397437808D-01
  -.10167333450362D-01  0.12775312123194D-01  0.51852226316524D-01
  0.29686982204100D-01  -.81155994166658D-03  0.44195716511196D-01
  -.13775946924275D-01  0.51667727133158D-02  -.60864507964299D-02
  0.46058607775626D-01  -.11132210549833D-01  0.17108559742865D-03
  -.26101954276785D-01  0.12262768221077D-01  -.33236609708223D-01
  -.12585212170655D-01  0.45215468682799D-02  -.23827962718989D-01
  -.20016532610287D-01  0.22523660954987D-01  0.10665296151170D-01
  0.14049403367364D-01  0.53224766462373D-02  0.42771058521129D-03
  -.23223199420685D-01  -.14065541682212D-01  -.30493752387782D-01
  -.14755020392938D-01  -.19788309957421D-01  -.14897154768880D-01
  -.21802790172533D-02  0.24559394374952D-01  0.17028179767366D-01
  -.17437469945762D-01  -.13288106612136D-01  0.13892093554515D-02
  0.12390263773716D-01  -.30576517526264D-01  0.33399861620271D-01
  -.11776423868541D-01  0.47464484765385D-01  -.34691693636495D-01
  0.12021765871958D-01  -.24337291626207D-01  -.46339731752244D-01
  -.19313289601681D-01  0.46305023780870D-01  -.55892802800162D-02
  0.23916661826024D-01  -.43235249794277D-01  -.84531487158341D-02
  -.50386121098169D-01  -.22208039441521D-01  0.16257501756560D-01
  0.21430388798173D-01  0.10771866343858D-01  -.22734974061217D-01
  0.42243257429121D-01  -.31463407103643D-01  -.16945694485131D-02
  0.18868458181173D-01  0.30215786526110D-01  0.20699150897861D-02
  0.95343041576816D-03  -.18082371604304D-01  -.40170935436974D-02
  0.88297714025993D-02  -.40769656861450D-01  -.36651143548030D-02
  -.69965727474968D-02  0.12461452791660D-01  -.27703393477082D-01
  0.35767577254890D-01  -.91514264137555D-02  0.69147111451835D-01
  0.16957712353409D-02  0.21249139915321D-01  0.65274492334962D-02
  -.27919271678804D-01  -.24074964420691D-01  -.23256626740896D-01
  0.53639949619398D-02  0.49910236333129D-02  0.26357362132493D-01
  0.94548168294547D-02  -.26265796967855D-01  0.85863960589672D-02
  -.98986374521116D-02  0.13632793029549D-01  -.52408151905058D-01
  0.48343835875375D-01  0.19048912564219D-03  0.15622238602935D-01
  -.52988294136577D-01  0.23058445959142D-01  0.10271092193413D-01
  0.14118716268387D-01  0.21944936825592D-01  -.14518288540540D-01
  0.97799071667030D-02  0.71645932129863D-01  0.88927973730183D-02
  -.14352915099744D-01  -.10720737940822D+00  -.28729995510609D-01
$end
