$coord
   24.14953213535589     22.40142996666752     30.31544735765388       c
   26.50744261277575     23.27547745108344     29.48126831346047       c
   26.32076348532158     26.05663340352632     29.36971549375520       c
   23.64819603369858     26.74294546027619     29.75019123203657       c
   22.28860683526675     24.40584922007794     30.34278234053290       c
   29.61719663485824     26.76774405275074     23.31601729210076       c
   27.66233531678530     28.73941393668164     23.27984598765752       c
   26.62877136366893     28.88442010553963     25.62121300889742       c
   27.67485146423749     26.95794691471497     27.24772322563798       c
   29.54132700333822     25.58383284665226     25.88113145807874       c
   22.49745641858764     30.13102533798023     23.99208482227560       c
   20.08613519441289     29.17464501854737     24.43171539442933       c
   19.98580407866170     28.29662992185197     27.01275010616479       c
   22.47655978930700     28.60988857431195     28.11995583598107       c
   24.11571253838296     29.66105054527211     26.11698545448766       c
   17.27913976944876     24.86869564459053     25.59905228512024       c
   17.58935428099183     22.11792140486836     25.98759813661136       c
   19.19951812108998     21.86120885716021     28.14107025619757       c
   19.83710022600387     24.16126274255534     29.19873774162259       c
   18.64619926312110     26.18850486087974     27.65596716651245       c
   21.16101530693584     18.09643384615698     26.02488768648886       c
   23.71285193590876     17.18734035141051     25.69110568234965       c
   25.13518487937704     18.55014049688425     27.76808238760967       c
   23.30069690446320     20.05611918149182     29.20228925510669       c
   20.86380927319221     19.70498142239800     28.12373475910701       c
   28.44186412396142     19.21984108621096     24.56361181506486       c
   30.11883165339395     21.47582538674961     23.95162051361147       c
   29.69155775470475     23.00383782443604     26.19179778424095       c
   28.33971482711668     21.80948387838932     28.31346566197161       c
   27.53281940304622     19.43518140633840     27.23385322169833       c
   28.44483653087462     21.20878722431842     19.65528548036163       c
   27.36141922153571     23.11871550387403     17.99372685333834       c
   28.23880388669868     25.57311826960098     19.14271688441406       c
   29.91655519893865     25.23735987649707     21.16284280437918       c
   30.05382002913807     22.48879552029956     21.44389967329878       c
   26.46990445052930     27.43862039187766     19.11400378096414       c
   23.93984971193736     27.24393761288156     17.94469930743226       c
   22.14825169814121     28.73875039714751     19.42510493310763       c
   23.42962791017218     29.70283242768210     21.55701814999556       c
   26.02217787591793     29.06093299777210     21.18316164989722       c
   19.73251868156139     27.89681871373330     19.95284377795216       c
   18.81340066215531     25.44685206118664     19.00163269094965       c
   17.39657827345000     24.22109120709933     21.00109965248883       c
   17.26257093424696     25.80565279199665     23.07813949349867       c
   18.77218777628143     28.02286000694429     22.61171577963764       c
   17.82438751265305     21.55256561509524     21.43611507880921       c
   19.55380648827056     20.21200429577940     19.84305804114603       c
   20.65996474289596     18.19738008665900     21.43185450228863       c
   19.57414591290609     18.37159758525967     24.03351107712620       c
   17.77163199063735     20.55925105209084     23.88356561771272       c
   23.14048539449411     17.41460089385674     21.11034356702051       c
   24.54767524442984     18.72624246817093     19.31323930703695       c
   27.06504498854035     18.93005891713696     20.14128207035300       c
   27.24413694119319     17.91578812288996     22.71300534558198       c
   24.70907907709726     16.96350643044880     23.25477911076506       c
   23.49446188127509     20.65700764276437     17.81878228261123       c
   20.88630633042505     21.34347475154276     17.98953011176625       c
   20.56441869715124     23.97793627270518     17.63404379050349       c
   23.03665454375464     24.96921885100229     17.00071135839043       c
   24.90277797018657     22.96421404705489     17.17124530834267       c
$end
