$grad          cartesian gradients
  cycle =      1    SCF energy =    -2285.3068546950   |dE/dxyz| =  0.343476
   25.96762210630960     22.47800816989522     30.06049131037857      c
   23.61375843959111     23.92185668464174     30.33742874642183      c
   21.49640055471918     22.23831710348751     29.87781129693839      c
   22.50756424237482     19.87187528740268     28.80901619702303      c
   25.32628736436016     19.89446361840734     29.01731677711020      c
   17.71674215524471     26.19684909776112     25.84182878296068      c
   17.08208037639202     23.60668886077532     24.90037127168603      c
   17.99296557716904     21.70839562496903     26.61683292439030      c
   19.28864317981940     23.02564004827012     28.64432066931639      c
   19.17936808480666     25.74805594282775     28.06555797188772      c
   19.20425281099796     18.82339510237502     23.26057497637833      c
   21.52409131633569     17.45936181611864     22.60673281751140      c
   22.77482004456378     17.27195986842181     24.99360058879100      c
   21.31130815470283     18.45816843346726     26.98810435473921      c
   18.99339076384066     19.40471533624349     25.84978392523300      c
   26.67596791613834     17.81166632991633     22.77681480166641      c
   28.68121437826256     19.39632472548302     23.24015281953307      c
   28.71062486624151     20.04417352345940     25.96447000533921      c
   26.69691445308593     18.76676324185165     27.05480467605457      c
   25.41662785713842     17.42427661286827     25.02955347868877      c
   30.02570048866389     24.38898747732682     24.89345844565228      c
   29.08374070708257     26.87681027633492     25.86289896468860      c
   27.68432135427952     26.29119412806733     28.08120137041177      c
   28.00539285263462     23.65580433563798     28.80316343175615      c
   29.25138655080403     22.45924003363506     26.65374169445368      c
   24.55140669763552     29.63322572648433     26.97736736553609      c
   21.83994316436744     29.33652704641063     26.90393706808679      c
   21.14304709174424     27.38517079235364     28.64376690397283      c
   23.51248421822290     26.41893171503683     29.75089995492236      c
   25.51116227579684     27.69575291231974     28.54798407554469      c
   21.77862850581547     29.88342746849447     22.11716967181598      c
   20.50514441369056     28.51917134573348     20.10278861375603      c
   18.44120793362887     27.25890475401465     21.25744033989017      c
   18.31992136142279     27.88036091883858     23.92137060928796      c
   20.47345701360130     29.43741387392329     24.49790384562932      c
   17.82108018957877     24.85219905361848     20.45074076703527      c
   19.24494742058490     23.52721629632335     18.49089380342499      c
   19.60071850467739     20.88615815699962     19.22112511731812      c
   18.22776478514698     20.60262291226758     21.48723523183666      c
   17.18495151082184     22.94186283888435     22.26451719244512      c
   21.79220756752098     19.64022887959380     18.61210784794240      c
   23.94937510323567     20.74706138850047     17.34719821803263      c
   26.13080080754779     19.83685898356681     18.67286773959597      c
   25.53001452376681     17.88858281301761     20.38039100662802      c
   22.84827944379541     17.65043431114816     20.33730920051416      c
   28.21820931124180     21.46163643483464     19.23139763073706      c
   27.90910061073507     24.03337781363990     18.55917726169852      c
   29.16043240726132     25.45380347542785     20.50810909162391      c
   30.18052323671873     23.79445303117572     22.34834349691561      c
   29.64747843775874     21.20548857508706     21.66802170190545      c
   28.18942863118566     27.83143993458866     21.31045719213165      c
   25.80008856901173     28.65844748703638     20.28666682694280      c
   24.39859004504006     29.97367935201474     22.27753738654653      c
   25.78486829906425     29.72633805064492     24.59202775908169      c
   28.10617451688844     28.48099131911154     23.93448462829146      c
   24.71490300514348     27.34477840666582     18.39347963112525      c
   25.63776154844065     25.01647651721457     17.53304227551233      c
   23.67451455179242     23.38395137780838     16.77212708169116      c
   21.28585838150300     24.78736103850166     17.32299745931487      c
   21.95446916577363     27.02725063612318     18.35042116312902      c
  0.56994142104222D-03  0.24825458850069D-01  0.39608615815535D-01
  -.12117623210878D-01  0.39979585740635D-01  -.20046835307701D-01
  0.49645878947945D-02  0.26999329262683D-01  0.33191788906303D-01
  -.32869419878023D-01  0.24544753075658D-02  -.37324519207978D-01
  0.31405542255475D-01  -.26845726858466D-01  -.54165468714749D-02
  0.17749197024870D-01  0.57214667717505D-01  0.30635236097129D-01
  0.42023766694141D-02  0.12883419814158D-01  0.23145579178789D-01
  -.61849680622593D-02  -.11735951193155D-01  -.19114305095046D-01
  -.63381164397919D-02  -.37809812985029D-01  -.73952120884016D-02
  0.12142867022263D-01  -.36244458014620D-02  -.12801725921709D-01
  0.22521188291942D-01  -.12232012829477D-01  0.49937612713457D-01
  0.18887903623803D-01  0.47229791659437D-02  -.25406813202127D-01
  -.19933549239780D-01  0.91449673150452D-02  -.94736638918138D-02
  0.78340273575642D-02  -.20964708768459D-02  0.42824320772726D-02
  -.14749299433306D-01  0.79620102563485D-02  -.56305302457752D-02
  -.76223551845702D-02  0.22121478983978D-01  0.50445346288911D-01
  -.59583158079742D-01  -.31659839102300D-01  -.45920046989864D-01
  -.19263314931548D-01  0.87979327408079D-02  0.34055642961773D-01
  0.29776013895097D-01  0.10190210801861D-01  -.26895882385890D-01
  0.36686170641289D-01  0.14980197886914D-01  -.37281348445035D-01
  -.28275447566429D-02  -.20054293680843D-01  -.16521312615390D-01
  -.96854855765582D-02  0.34097082391895D-01  0.50017775483895D-01
  -.13562246508410D-01  -.21052406207328D-01  -.11330379117091D-01
  0.20645692704464D-01  -.10426214979245D-01  0.92431225338910D-02
  -.22979312647841D-01  -.24530479021415D-01  -.29513203073996D-01
  -.87358983705222D-02  0.10509106515789D-01  0.47195763519724D-01
  0.29064194994352D-01  -.44014813539481D-02  0.39589327368648D-01
  -.13290969919326D-01  0.27576020123005D-02  -.84201789314327D-02
  0.43599668759100D-01  -.13321587514059D-01  -.51154710249857D-04
  -.24705940090406D-01  0.84059310462479D-02  -.35316611104287D-01
  -.84034630868840D-02  0.43776808292795D-03  -.20471156227702D-01
  -.19757055636845D-01  0.19069225365297D-01  0.86212409536860D-02
  0.17966226302918D-01  0.13275315161969D-02  -.39026341243004D-04
  -.20170637131381D-01  -.15200680445975D-01  -.25988239279756D-01
  -.13095721059610D-01  -.21015074006835D-01  -.13668417505372D-01
  -.56895536232490D-03  0.24648813342460D-01  0.16197694530241D-01
  -.12359247591054D-01  -.10345831440285D-01  0.48950821993307D-02
  0.14159863963943D-01  -.29626152557739D-01  0.31171169110763D-01
  -.87791351379541D-02  0.44880121014991D-01  -.30606418620218D-01
  0.14389350172047D-01  -.22996755769598D-01  -.41779504594891D-01
  -.18799091535371D-01  0.46963606249282D-01  -.83981170002106D-03
  0.22870194809787D-01  -.38473861457685D-01  -.75226873466230D-02
  -.48922436509289D-01  -.17923398851569D-01  0.18342370609651D-01
  0.19923527488728D-01  0.11767142178965D-01  -.18494970062183D-01
  0.39976162365474D-01  -.27574033612700D-01  0.66417297776214D-03
  0.15068881330741D-01  0.29075793312306D-01  0.39982065977277D-02
  -.73929106224074D-03  -.16878386998295D-01  -.36614986706258D-02
  0.35222682703046D-02  -.38493638016477D-01  -.60476697303818D-03
  -.89178590473471D-02  0.12046944368893D-01  -.22995461869872D-01
  0.30626644872902D-01  -.10409470345445D-01  0.66622603410417D-01
  0.18891028279334D-02  0.18348647301946D-01  0.49660949170229D-02
  -.28463640747827D-01  -.29179674917583D-01  -.21044247625765D-01
  0.24398816016865D-02  0.50315650918257D-02  0.24451143280937D-01
  0.66001405078065D-02  -.28925707459632D-01  0.97870666472829D-02
  -.11369724388426D-01  0.97022416529252D-02  -.48001002609244D-01
  0.46664608001807D-01  0.20208802411783D-02  0.15038120716974D-01
  -.50853974089565D-01  0.20359589886777D-01  0.14364394955842D-01
  0.13992592474183D-01  0.19895986122653D-01  -.92345056863372D-02
  0.82024686354851D-02  0.68111808337964D-01  0.99876030653687D-02
  -.12699023845195D-01  -.10490922075289D+00  -.21632892839411D-01
$end
